0 0.083333 0.892677 0.100000 0.138889
0 0.545000 0.803030 0.076667 0.101010
0 0.735000 0.190657 0.073333 0.088384
0 0.252500 0.765152 0.098333 0.106061
0 0.125000 0.592172 0.090000 0.068182
0 0.698333 0.902778 0.086667 0.108586
0 0.696667 0.561869 0.066667 0.088384
0 0.860833 0.672980 0.061667 0.058081
0 0.604167 0.213384 0.065000 0.063131
0 0.258333 0.063131 0.066667 0.080808
0 0.442500 0.939394 0.081667 0.106061
0 0.305000 0.183081 0.050000 0.047980
0 0.642500 0.045455 0.075000 0.060606
0 0.875000 0.202020 0.053333 0.060606
0 0.589167 0.494949 0.065000 0.070707
