0 0.490833 0.502506 0.051667 0.072682
0 0.446667 0.525063 0.040000 0.057644
0 0.496667 0.619048 0.056667 0.085213
0 0.609167 0.637845 0.045000 0.067669
0 0.620833 0.729323 0.051667 0.080201
0 0.563333 0.697995 0.043333 0.057644
0 0.479167 0.746867 0.041667 0.055138
0 0.673333 0.453634 0.056667 0.075188
0 0.779167 0.342105 0.055000 0.072682
0 0.842500 0.293233 0.055000 0.075188
0 0.873333 0.383459 0.043333 0.050125
0 0.965833 0.369674 0.048333 0.072682
0 0.506667 0.157895 0.056667 0.075188
0 0.520000 0.274436 0.056667 0.062657
0 0.608333 0.276942 0.056667 0.067669
0 0.389167 0.236842 0.065000 0.072682
0 0.379167 0.389724 0.058333 0.067669
0 0.305833 0.408521 0.055000 0.070175
0 0.325000 0.293233 0.053333 0.065163
0 0.233333 0.427318 0.056667 0.072682
0 0.128333 0.462406 0.053333 0.062657
0 0.039167 0.379699 0.048333 0.062657
0 0.027500 0.259398 0.051667 0.052632
0 0.254167 0.141604 0.048333 0.052632
0 0.235000 0.764411 0.043333 0.070175
0 0.150833 0.690476 0.051667 0.082707
0 0.232500 0.611529 0.048333 0.070175
0 0.584167 0.961153 0.061667 0.077694
0 0.640833 0.963659 0.045000 0.072682
0 0.696667 0.967419 0.046667 0.065163
0 0.735000 0.903509 0.050000 0.072682
0 0.658333 0.874687 0.046667 0.080201
0 0.588333 0.810777 0.060000 0.082707
0 0.896667 0.798246 0.043333 0.087719
