2 0.390000 0.245556 0.173333 0.242222
2 0.324167 0.477778 0.168333 0.195556
2 0.112500 0.410000 0.168333 0.180000
2 0.166667 0.084444 0.220000 0.164444
2 0.090000 0.633333 0.150000 0.213333
2 0.094167 0.904444 0.128333 0.191111
2 0.414167 0.852222 0.211667 0.295556
2 0.597500 0.661111 0.158333 0.224444
2 0.717500 0.832222 0.138333 0.206667
2 0.875833 0.406667 0.175000 0.195556
2 0.770000 0.200000 0.166667 0.186667
2 0.895833 0.094444 0.128333 0.157778
2 0.954167 0.913333 0.091667 0.151111
2 0.814167 0.715556 0.091667 0.133333
