2 0.384167 0.263333 0.135000 0.140000
2 0.045833 0.628889 0.088333 0.168889
2 0.527500 0.413333 0.121667 0.111111
2 0.721667 0.185556 0.113333 0.122222
2 0.672500 0.488889 0.128333 0.128889
2 0.230833 0.600000 0.085000 0.084444
2 0.058333 0.090000 0.113333 0.140000
2 0.931667 0.091111 0.116667 0.124444
2 0.433333 0.574444 0.113333 0.091111
2 0.148333 0.946667 0.146667 0.106667
2 0.283333 0.911111 0.110000 0.084444
2 0.432500 0.924444 0.101667 0.120000
2 0.791667 0.942222 0.096667 0.115556
2 0.760833 0.760000 0.118333 0.115556
2 0.925000 0.752222 0.086667 0.100000
2 0.835000 0.631111 0.156667 0.102222
2 0.139167 0.410000 0.125000 0.126667
2 0.710833 0.321111 0.115000 0.108889
2 0.924167 0.485556 0.095000 0.091111
2 0.949167 0.256667 0.101667 0.108889
2 0.966667 0.641111 0.066667 0.086667
