0 0.575833 0.424444 0.035000 0.040000
0 0.644167 0.457778 0.031667 0.048889
0 0.626667 0.518889 0.033333 0.042222
0 0.866667 0.714444 0.050000 0.064444
0 0.952500 0.730000 0.058333 0.068889
0 0.303333 0.915556 0.036667 0.053333
0 0.211667 0.848889 0.040000 0.048889
0 0.244167 0.937778 0.041667 0.044444
0 0.462500 0.487778 0.028333 0.037778
0 0.595833 0.675556 0.025000 0.040000
0 0.455833 0.773333 0.025000 0.040000
0 0.360000 0.767778 0.030000 0.046667
0 0.282500 0.735556 0.031667 0.044444
0 0.650000 0.852222 0.030000 0.037778
0 0.549167 0.786667 0.035000 0.044444
0 0.317500 0.331111 0.021667 0.026667
0 0.759167 0.354444 0.028333 0.020000
0 0.789167 0.822222 0.038333 0.044444
0 0.665833 0.755556 0.031667 0.040000
0 0.682500 0.663333 0.028333 0.037778
0 0.967500 0.912222 0.035000 0.051111
