2 0.319167 0.413203 0.085000 0.107579
2 0.457500 0.424205 0.065000 0.085575
2 0.129167 0.337408 0.078333 0.107579
2 0.050833 0.341076 0.041667 0.080685
2 0.264167 0.623472 0.075000 0.102689
2 0.087500 0.804401 0.075000 0.127139
2 0.103333 0.687042 0.086667 0.102689
2 0.041667 0.602689 0.056667 0.095355
2 0.284167 0.860636 0.105000 0.156479
2 0.203333 0.784841 0.086667 0.141809
2 0.516667 0.271394 0.070000 0.102689
2 0.449167 0.217604 0.081667 0.088020
2 0.212500 0.201711 0.071667 0.105134
2 0.269167 0.267726 0.071667 0.085575
2 0.076667 0.097800 0.066667 0.078240
2 0.756667 0.321516 0.080000 0.124694
2 0.655000 0.447433 0.100000 0.122249
2 0.575833 0.520782 0.081667 0.107579
2 0.452500 0.750611 0.091667 0.132029
2 0.560000 0.889976 0.103333 0.146699
2 0.449167 0.909535 0.091667 0.127139
2 0.734167 0.892421 0.095000 0.146699
2 0.750000 0.581907 0.096667 0.122249
2 0.652500 0.705379 0.091667 0.129584
2 0.970000 0.556235 0.060000 0.114914
