2 0.684167 0.437028 0.061667 0.068010
2 0.044167 0.623426 0.045000 0.062972
2 0.102500 0.848866 0.055000 0.080605
2 0.690000 0.938287 0.076667 0.103275
2 0.590000 0.924433 0.066667 0.085642
2 0.490833 0.693955 0.065000 0.078086
2 0.259167 0.322418 0.061667 0.075567
2 0.837500 0.274559 0.051667 0.070529
2 0.900000 0.814861 0.063333 0.093199
2 0.789167 0.880353 0.055000 0.078086
2 0.735000 0.783375 0.056667 0.070529
2 0.631667 0.637280 0.060000 0.080605
2 0.252500 0.562972 0.058333 0.062972
2 0.196667 0.622166 0.056667 0.080605
2 0.128333 0.615869 0.050000 0.047859
2 0.080000 0.465995 0.056667 0.070529
2 0.697500 0.259446 0.045000 0.050378
2 0.791667 0.336272 0.050000 0.088161
2 0.815000 0.142317 0.046667 0.052897
2 0.823333 0.610831 0.050000 0.057935
2 0.392500 0.527708 0.051667 0.052897
2 0.355833 0.460957 0.048333 0.045340
2 0.415000 0.440806 0.046667 0.050378
2 0.582500 0.365239 0.055000 0.060453
2 0.316667 0.726700 0.050000 0.068010
2 0.460833 0.803526 0.055000 0.065491
