2 0.530833 0.665556 0.035000 0.042222
2 0.490833 0.666667 0.031667 0.031111
2 0.310833 0.593333 0.038333 0.026667
2 0.358333 0.563333 0.043333 0.042222
2 0.365833 0.492222 0.031667 0.033333
2 0.047500 0.518889 0.048333 0.055556
2 0.213333 0.860000 0.033333 0.040000
2 0.170000 0.938889 0.050000 0.046667
2 0.045000 0.884444 0.046667 0.048889
2 0.548333 0.863333 0.036667 0.051111
2 0.543333 0.922222 0.040000 0.048889
2 0.454167 0.896667 0.048333 0.060000
2 0.605833 0.560000 0.041667 0.040000
2 0.740833 0.470000 0.031667 0.028889
2 0.384167 0.795556 0.038333 0.040000
2 0.382500 0.834444 0.045000 0.042222
2 0.330000 0.917778 0.040000 0.035556
