0 0.075000 0.518889 0.146667 0.184444
0 0.147500 0.802222 0.148333 0.217778
0 0.613333 0.880000 0.133333 0.177778
0 0.656667 0.592222 0.136667 0.193333
0 0.238333 0.495556 0.140000 0.217778
0 0.343333 0.620000 0.136667 0.182222
0 0.482500 0.555556 0.138333 0.195556
0 0.777500 0.917778 0.148333 0.164444
0 0.703333 0.304444 0.093333 0.111111
0 0.515833 0.233333 0.118333 0.155556
0 0.831667 0.511111 0.136667 0.177778
0 0.945000 0.345556 0.110000 0.144444
0 0.913333 0.722222 0.123333 0.155556
0 0.657500 0.168889 0.111667 0.133333
0 0.054167 0.303333 0.105000 0.162222
0 0.184167 0.068889 0.068333 0.102222
0 0.962500 0.071111 0.075000 0.120000
