2 0.305000 0.520000 0.140000 0.173333
2 0.465833 0.548889 0.121667 0.160000
2 0.530000 0.780000 0.123333 0.168889
2 0.655833 0.490000 0.111667 0.184444
2 0.781667 0.355556 0.103333 0.142222
2 0.713333 0.214444 0.096667 0.144444
2 0.231667 0.123333 0.116667 0.175556
2 0.900833 0.502222 0.091667 0.146667
2 0.043333 0.670000 0.083333 0.162222
2 0.199167 0.898889 0.101667 0.131111
2 0.648333 0.758889 0.100000 0.140000
2 0.056667 0.265556 0.093333 0.126667
2 0.605833 0.155556 0.115000 0.142222
2 0.894167 0.230000 0.108333 0.162222
