0 0.781667 0.735661 0.206667 0.229426
0 0.881667 0.300499 0.146667 0.137157
0 0.772500 0.268080 0.115000 0.132170
0 0.645833 0.205736 0.178333 0.157107
0 0.641667 0.618454 0.170000 0.174564
0 0.274167 0.719451 0.215000 0.177057
0 0.370833 0.592269 0.175000 0.187032
0 0.202500 0.628429 0.161667 0.139651
0 0.172500 0.556110 0.131667 0.104738
0 0.465833 0.447631 0.155000 0.132170
0 0.457500 0.203242 0.198333 0.187032
0 0.331667 0.366584 0.186667 0.134663
0 0.255833 0.289277 0.188333 0.109726
0 0.354167 0.204489 0.141667 0.144638
