0 0.598333 0.477778 0.110000 0.137778
0 0.340833 0.296667 0.125000 0.171111
0 0.100000 0.338889 0.123333 0.153333
0 0.233333 0.532222 0.123333 0.166667
0 0.229167 0.754444 0.135000 0.175556
0 0.388333 0.648889 0.106667 0.142222
0 0.777500 0.793333 0.135000 0.195556
0 0.591667 0.864444 0.133333 0.186667
0 0.053333 0.635556 0.103333 0.173333
0 0.379167 0.158889 0.125000 0.153333
0 0.538333 0.258889 0.113333 0.140000
0 0.855833 0.322222 0.098333 0.128889
0 0.691667 0.258889 0.093333 0.148889
0 0.908333 0.631111 0.100000 0.151111
0 0.385000 0.942222 0.123333 0.115556
