0 0.233333 0.237778 0.080000 0.088889
0 0.392500 0.421111 0.078333 0.095556
0 0.300000 0.474444 0.083333 0.104444
0 0.398333 0.523333 0.066667 0.095556
0 0.450000 0.570000 0.080000 0.091111
0 0.305000 0.586667 0.076667 0.097778
0 0.343333 0.725556 0.083333 0.095556
0 0.534167 0.810000 0.085000 0.113333
0 0.650833 0.732222 0.088333 0.117778
0 0.770833 0.826667 0.078333 0.111111
0 0.775000 0.728889 0.073333 0.102222
0 0.582500 0.533333 0.088333 0.128889
0 0.659167 0.355556 0.091667 0.115556
0 0.535833 0.200000 0.088333 0.111111
0 0.602500 0.054444 0.055000 0.091111
0 0.632500 0.197778 0.045000 0.062222
0 0.773333 0.405556 0.053333 0.073333
0 0.535833 0.425556 0.075000 0.086667
0 0.447500 0.275556 0.075000 0.097778
