2 0.368333 0.625556 0.126667 0.157778
2 0.560000 0.572222 0.130000 0.166667
2 0.663333 0.447778 0.130000 0.162222
2 0.461667 0.363333 0.113333 0.144444
2 0.175833 0.407778 0.125000 0.144444
2 0.140833 0.270000 0.131667 0.117778
2 0.435833 0.211111 0.168333 0.177778
2 0.445000 0.070000 0.150000 0.126667
2 0.094167 0.122222 0.148333 0.151111
2 0.195000 0.094444 0.113333 0.086667
2 0.618333 0.034444 0.130000 0.064444
2 0.755000 0.073333 0.143333 0.142222
2 0.865833 0.234444 0.151667 0.171111
2 0.620833 0.316667 0.141667 0.117778
2 0.549167 0.823333 0.158333 0.220000
2 0.438333 0.847778 0.136667 0.153333
2 0.271667 0.935556 0.143333 0.128889
2 0.100833 0.732222 0.145000 0.233333
2 0.643333 0.920000 0.173333 0.160000
2 0.796667 0.754444 0.143333 0.206667
2 0.930833 0.630000 0.138333 0.171111
2 0.812500 0.943333 0.128333 0.113333
2 0.943333 0.938889 0.113333 0.122222
2 0.937500 0.795556 0.125000 0.151111
